1

0%   10   20   30   40   50   60   70   80   90   100%
|----|----|----|----|----|----|----|----|----|----|
***************************************************
     t          l_t                  S_t                  Cumul CPU t(sec)     
-------------------------------------------------------------------------------
     1          2.30584e+18          1                    0                    
     2          2.30584e+18          0.930605             0                    
     3          2.30584e+18          0.890899             0                    
     4          2.30584e+18          0.840896             0                    
     5          677.313              2.38589e-16          0                    

 Min merit:   S_5 = 2.38589e-16

2

0%   10   20   30   40   50   60   70   80   90   100%
|----|----|----|----|----|----|----|----|----|----|
***************************************************
     t          l_t                  S_t                  Cumul CPU t(sec)     
-------------------------------------------------------------------------------
     1          2.30584e+18          1                    0                    
     2          2.30584e+18          0.930605             0                    
     3          2.30584e+18          0.890899             0                    
     4          2.30584e+18          0.840896             0                    
     5          2.30584e+18          0.812252             0                    
     6          677.313              2.27617e-16          0                    
     7          627.479              2.02189e-16          0                    

 Min merit:   S_7 = 2.02189e-16

3

0%   10   20   30   40   50   60   70   80   90   100%
|----|----|----|----|----|----|----|----|----|----|
***************************************************
     t           l_t                  S_t                  Cumul CPU t(sec)     
--------------------------------------------------------------------------------
     1           2.30584e+18          1                    0                    
     2           2.30584e+18          0.930605             0                    
     3           2.30584e+18          0.890899             0                    
     4           2.30584e+18          0.840896             0                    
     5           2.30584e+18          0.812252             0                    
     6           2.30584e+18          0.774899             0                    
     7           2.30584e+18          0.742997             0                    
     8           2.30584e+18          0.707107             0                    
     9           3                    1.00946e-16          0                    
     10          1.73205              2.4634e-15           0                    
     11          1.73205              5.23056e-14          0                    
     12          1.73205              6.53017e-13          0.01                 
     13          1.73205              5.65247e-12          0.01                 
     14          1.73205              3.52804e-11          0.01                 
     15          1.73205              1.71526e-10          0.01                 
     16          1.73205              6.78224e-10          0.01                 
     17          1.73205              2.32825e-09          0.01                 
     18          1.73205              6.9135e-09           0.02                 
     19          1.73205              1.82501e-08          0.02                 
     20          1.73205              4.34063e-08          0.03                 
     21          1.73205              9.50613e-08          0.03                 
     22          1.73205              1.92604e-07          0.04                 
     23          1.73205              3.66056e-07          0.04                 
     24          1.73205              6.55522e-07          0.05                 
     25          1.73205              1.16801e-06          0.05                 
     26          1.73205              1.97972e-06          0.06                 
     27          1.73205              3.20278e-06          0.07                 
     28          1.73205              4.98077e-06          0.07                 
     29          1.73205              7.58837e-06          0.08                 
     30          1.73205              1.11385e-05          0.09                 
     31          1.73205              1.57062e-05          0.09                 
     32          1.73205              2.15792e-05          0.1                  
     33          1.73205              2.98833e-05          0.11                 
     34          1.73205              4.04265e-05          0.12                 
     35          1.73205              5.3384e-05           0.13                 
     36          1.73205              6.90113e-05          0.14                 
     37          1.73205              9.0154e-05           0.15                 
     38          1.73205              0.000111662          0.16                 
     39          1.73205              0.000139355          0.18                 
     40          1.73205              0.000170419          0.19                 
     41          1.73205              0.000206332          0.21                 
     42          1.73205              0.000247201          0.23                 
     43          1.73205              0.000293687          0.24                 
     44          1.73205              0.000346192          0.26                 
     45          1.73205              0.000405112          0.28                 
     46          1.73205              0.000469362          0.3                  
     47          1.73205              0.000539728          0.32                 
     48          1.73205              0.000615196          0.34                 

 Min merit:   S_9 = 1.00946e-16

4

0%   10   20   30   40   50   60   70   80   90   100%
|----|----|----|----|----|----|----|----|----|----|
***************************************************
     t          l_t                  S_t                  Cumul CPU t(sec)     
-------------------------------------------------------------------------------
     1          2.30584e+18          1                    0                    
     2          2.30584e+18          0.930605             0                    
     3          2.30584e+18          0.890899             0                    
     4          2.30584e+18          0.840896             0                    
     5          2709.25              9.54356e-16          0                    

 Min merit:   S_5 = 9.54356e-16

5

0%   10   20   30   40   50   60   70   80   90   100%
|----|----|----|----|----|----|----|----|----|----|
***************************************************
     t          l_t                  S_t                  Cumul CPU t(sec)     
-------------------------------------------------------------------------------
     1          2.30584e+18          1                    0                    
     2          2.30584e+18          0.930605             0                    
     3          2.30584e+18          0.890899             0                    
     4          2.30584e+18          0.840896             0                    
     5          2.30584e+18          0.812252             0                    
     6          2709.25              9.10467e-16          0                    
     7          2508.69              8.08358e-16          0                    

 Min merit:   S_7 = 8.08358e-16

6

0%   10   20   30   40   50   60   70   80   90   100%
|----|----|----|----|----|----|----|----|----|----|
***************************************************
     t           l_t                  S_t               Cumul CPU t(sec)     
-----------------------------------------------------------------------------
     1           2.30584e+18          1                 0                    
     2           2.30584e+18          0.930605          0                    
     3           2.30584e+18          0.890899          0                    
     4           2.30584e+18          0.840896          0                    
     5           2.30584e+18          0.812252          0                    
     6           2.30584e+18          0.774899          0                    
     7           2.30584e+18          0.742997          0                    
     8           2.30584e+18          0.707107          0                    
     9           2.30584e+18          0.707107          0                    
     10          2.30584e+18          0.697008          0                    
     11          2.30584e+18          0.683554          0                    
     12          2.30584e+18          0.658037          0                    
     13          2.30584e+18          0.651449          0                    
     14          2.30584e+18          0.633897          0                    
     15          2.30584e+18          0.615572          0                    
     16          2.30584e+18          0.594604          0                    
     17          2.30584e+18          0.588573          0                    
     18          2.30584e+18          0.578622          0                    
     19          2.30584e+18          0.568098          0                    
     20          2.30584e+18          0.554785          0.01                 
     21          2.30584e+18          0.543009          0.01                 
     22          2.30584e+18          0.52905           0.01                 
     23          2.30584e+18          0.515298          0.01                 
     24          2.30584e+18          0.5               0.01                 
     25          2.30584e+18          0.50698           0.01                 
     26          2.30584e+18          0.510676          0.01                 
     27          2.30584e+18          0.510277          0.02                 
     28          2.30584e+18          0.507293          0.02                 
     29          2.30584e+18          0.509561          0.02                 
     30          2.30584e+18          0.507015          0.02                 
     31          2.30584e+18          0.496941          0.02                 
     32          2.30584e+18          0.485492          0.03                 
     33          2.30584e+18          0.488048          0.03                 
     34          2.30584e+18          0.488395          0.03                 
     35          2.30584e+18          0.485365          0.03                 
     36          2.30584e+18          0.479721          0.04                 
     37          2.30584e+18          0.486145          0.04                 
     38          2.30584e+18          0.473374          0.04                 
     39          2.30584e+18          0.470215          0.05                 
     40          2.30584e+18          0.462938          0.05                 
     41          2.30584e+18          0.456033          0.05                 
     42          2.30584e+18          0.448923          0.06                 
     43          2.30584e+18          0.442247          0.06                 
     44          2.30584e+18          0.435967          0.07                 
     45          2.30584e+18          0.430049          0.08                 
     46          2.30584e+18          0.423139          0.08                 
     47          2.30584e+18          0.416105          0.09                 
     48          2.30584e+18          0.408248          0.1                  

 Min merit:   S_48 = 0.408248

7

0%   10   20   30   40   50   60   70   80   90   100%
|----|----|----|----|----|----|----|----|----|----|
***************************************************
     t          l_t                  S_t                  Cumul CPU t(sec)     
-------------------------------------------------------------------------------
     1          2.30584e+18          1                    0                    
     2          2.30584e+18          0.930605             0                    
     3          2.30584e+18          0.890899             0                    
     4          2.30584e+18          0.840896             0                    
     5          8.87767e+07          3.12723e-11          0                    

 Min merit:   S_5 = 3.12723e-11

8

0%   10   20   30   40   50   60   70   80   90   100%
|----|----|----|----|----|----|----|----|----|----|
***************************************************
     t          l_t                  S_t                  Cumul CPU t(sec)     
-------------------------------------------------------------------------------
     1          2.30584e+18          1                    0                    
     2          2.30584e+18          0.930605             0                    
     3          2.30584e+18          0.890899             0                    
     4          2.30584e+18          0.840896             0                    
     5          2.30584e+18          0.812252             0                    
     6          8.87767e+07          2.98342e-11          0                    
     7          8.21912e+07          2.6484e-11           0                    

 Min merit:   S_7 = 2.6484e-11

9

0%   10   20   30   40   50   60   70   80   90   100%
|----|----|----|----|----|----|----|----|----|----|
***************************************************
     t           l_t                  S_t                  Cumul CPU t(sec)     
--------------------------------------------------------------------------------
     1           2.30584e+18          1                    0                    
     2           2.30584e+18          0.930605             0                    
     3           2.30584e+18          0.890899             0                    
     4           2.30584e+18          0.840896             0                    
     5           2.30584e+18          0.812252             0                    
     6           2.30584e+18          0.774899             0                    
     7           2.30584e+18          0.742997             0                    
     8           2.30584e+18          0.707107             0                    
     9           2.30584e+18          0.707107             0                    
     10          2.30584e+18          0.697008             0                    
     11          2.30584e+18          0.683554             0                    
     12          2.30584e+18          0.658037             0                    
     13          2.30584e+18          0.651449             0                    
     14          2.30584e+18          0.633897             0                    
     15          2.30584e+18          0.615572             0                    
     16          2.30584e+18          0.594604             0                    
     17          2.30584e+18          0.588573             0                    
     18          4.24264              1.11522e-17          0                    
     19          1.73205              3.65665e-17          0                    
     20          1.73205              2.36744e-16          0                    
     21          1.73205              1.28298e-15          0.01                 
     22          1.73205              5.92377e-15          0.01                 
     23          1.73205              2.38832e-14          0.01                 
     24          1.73205              8.5217e-14           0.01                 
     25          1.73205              2.86304e-13          0.02                 
     26          1.73205              8.71446e-13          0.02                 
     27          1.73205              2.42429e-12          0.03                 
     28          1.73205              6.23676e-12          0.03                 
     29          1.73205              1.51824e-11          0.04                 
     30          1.73205              3.45126e-11          0.05                 
     31          1.73205              7.32701e-11          0.05                 
     32          1.73205              1.47737e-10          0.06                 
     33          1.73205              2.93348e-10          0.07                 
     34          1.73205              5.5708e-10           0.08                 
     35          1.73205              1.01284e-09          0.09                 
     36          1.73205              1.77098e-09          0.1                  
     37          1.73205              3.07858e-09          0.12                 
     38          1.73205              4.99822e-09          0.13                 
     39          1.73205              8.06393e-09          0.15                 
     40          1.73205              1.25858e-08          0.16                 
     41          1.73205              1.92177e-08          0.18                 
     42          1.73205              2.87183e-08          0.2                  
     43          1.73205              4.21213e-08          0.21                 
     44          1.73205              6.07134e-08          0.24                 
     45          1.73205              8.61013e-08          0.26                 
     46          1.73205              1.19889e-07          0.29                 
     47          1.73205              1.64395e-07          0.32                 
     48          1.73205              2.21811e-07          0.35                 

 Min merit:   S_18 = 1.11522e-17

